NSTACK =       1311420
NBUFFER =      3275296
MAXUSE_STACK =  0.045   

MAXUSE_CON   =  9       

MAXUSE_EFC   =  1.8     

WARNING

TIMER
    0:  duration = 0   number = 600
    1:  duration = 0   number = 601
    2:  duration = 0   number = 0
    3:  duration = 0   number = 601
    4:  duration = 0   number = 601
    5:  duration = 0   number = 0
    6:  duration = 0   number = 601
    7:  duration = 0   number = 440
    8:  duration = 0   number = 601
    9:  duration = 0   number = 601
    10:  duration = 0   number = 601
    11:  duration = 0   number = 601
    12:  duration = 0   number = 601

SOLVER_ITER = 1
SOLVER_NNZ = 144
    0:  improvement = 2.12883e-05   gradient = 2.86623e-16   linseslope = 0
         nactive = 8   nchange = 0   neval = 2   nupdate = 0

SOLVER_FWDINV
   0         0        
  
NE =           0
NF =           0
NEFC =         8
NCON =         8
TIME =         1.2     
ENERGY =       0         0       

QPOS
  -2.7      
  -2.7      
   2.5      
   1        
  -6.6e-07  
   6.6e-07  
  -2.7e-23  
   2.7      
   2.7      
   2.5      
   1        
  -5.7e-07  
   5.7e-07  
   2.1e-25  
  
QVEL
   8.2e-23  
  -4.8e-23  
   0.0037   
   6.6e-06  
  -6.6e-06  
  -1.2e-21  
  -2.4e-22  
  -2.2e-22  
   0.011    
   5.7e-06  
  -5.7e-06  
   9.8e-22  
  
ACT
  
QACC_WARMSTART
  -1.3e-110 
   1.4e-81  
  -0.022    
  -1.2e-11  
   1.2e-11  
  -1.4e-22  
  -1.1e-23  
  -1.1e-23  
  -0.065    
  -3.1e-11  
   3.1e-11  
   1.8e-21  
  
CTRL
  
QFRC_APPLIED
   0        
   0        
   0        
   0        
   0        
   0        
   0        
   0        
   0        
   0        
   0        
   0        
   0        
   0        
  
XFRC_APPLIED
   0         0         0         0         0         0        
   0         0         0         0         0         0        
   0         0         0         0         0         0        
   0         0         0         0         0         0        
  
QACC
  -1.3e-110 
   1.4e-81  
  -0.022    
  -1.2e-11  
   1.2e-11  
  -1.4e-22  
  -1.1e-23  
  -1.1e-23  
  -0.065    
  -3.1e-11  
   3.1e-11  
   1.8e-21  
  
ACT_DOT
  
MOCAP_POS
  
MOCAP_QUAT
  
USERDATA
  
SENSOR
  
XPOS
   0         0         0        
  -2.7      -2.7       2.5      
   2.7       2.7       2.5      
   0         0         0.5      
  
XQUAT
   1         0         0         0        
   1        -6.6e-07   6.6e-07  -2.7e-23  
   1        -5.7e-07   5.7e-07   2.1e-25  
   1         0         0         0        
  
XMAT
   1         0         0         0         1         0         0         0         1        
   1        -8.7e-13   1.3e-06  -8.7e-13   1         1.3e-06  -1.3e-06  -1.3e-06   1        
   1        -6.5e-13   1.1e-06  -6.5e-13   1         1.1e-06  -1.1e-06  -1.1e-06   1        
   1         0         0         0         1         0         0         0         1        
  
XIPOS
   0         0         0        
  -2.7      -2.7       2.5      
   2.7       2.7       2.5      
   0         0         0.5      
  
XIMAT
   1         0         0         0         1         0         0         0         1        
   1        -8.7e-13   1.3e-06  -8.7e-13   1         1.3e-06  -1.3e-06  -1.3e-06   1        
   1        -6.5e-13   1.1e-06  -6.5e-13   1         1.1e-06  -1.1e-06  -1.1e-06   1        
   1         0         0         0         1         0         0         0         1        
  
XANCHOR
  -2.7      -2.7       2.5      
   2.7       2.7       2.5      
  
XAXIS
   0         0         1        
   0         0         1        
  
GEOM_XPOS
  -2.7      -2.7       2.5      
   2.7       2.7       2.5      
   0         0         0.5      
  
GEOM_XMAT
   1        -8.7e-13   1.3e-06  -8.7e-13   1         1.3e-06  -1.3e-06  -1.3e-06   1        
   1        -6.5e-13   1.1e-06  -6.5e-13   1         1.1e-06  -1.1e-06  -1.1e-06   1        
   1         0         0         0         1         0         0         0         1        
  
SITE_XPOS
  
SITE_XMAT
  
CAM_XPOS
  
CAM_XMAT
  
LIGHT_XPOS
  
LIGHT_XDIR
  
SUBTREE_COM
   2         2         2.3      
  -2.7      -2.7       2.5      
   2.7       2.7       2.5      
   0         0         0.5      
  
CDOF
   0         0         0         1         0         0        
   0         0         0         0         1         0        
   0         0         0         0         0         1        
   1        -8.7e-13  -1.3e-06   0        -0         0        
  -8.7e-13   1        -1.3e-06   0         0        -0        
   1.3e-06   1.3e-06   1         0         0         0        
   0         0         0         1         0         0        
   0         0         0         0         1         0        
   0         0         0         0         0         1        
   1        -6.5e-13  -1.1e-06  -2.9e-28  -4.4e-16   0        
  -6.5e-13   1        -1.1e-06   4.4e-16   2.9e-28  -0        
   1.1e-06   1.1e-06   1         5.1e-22  -5.1e-22   0        
  
CINERT
   0         0         0         0         0         0         0         0         0         0        
   0.67      0.67      0.67      0         0         0         0         0         0         1        
   6.7       6.7       6.7      -3.2e-27   0         0         0         0        -4.4e-15   10       
   8.7       8.7       17        0         0         0         0         0         0         1        
  
TEN_LENGTH
  
TEN_MOMENT
  
ACTUATOR_LENGTH
  
ACTUATOR_MOMENT
  
CRB
   0         0         0         0         0         0         0         0         0         0        
   0.67      0.67      0.67      0         0         0         0         0         0         1        
   6.7       6.7       6.7      -3.2e-27   0         0         0         0        -4.4e-15   10       
   8.7       8.7       17        0         0         0         0         0         0         1        
  
QM
   1         0         0         0         0         0         0         0         0         0         0         0        
   0         1         0         0         0         0         0         0         0         0         0         0        
   0         0         1         0         0         0         0         0         0         0         0         0        
   0         0         0         0.67      0         0         0         0         0         0         0         0        
   0         0         0         0         0.67      0         0         0         0         0         0         0        
   0         0         0         0         0         0.67      0         0         0         0         0         0        
   0         0         0         0         0         0         10        0         0         0         0         0        
   0         0         0         0         0         0         0         10        0         0         0         0        
   0         0         0         0         0         0         0         0         10        0         0         0        
   0         0         0         0         0         0         0         0         0         6.7       0         0        
   0         0         0         0         0         0         0         0         0         0         6.7       0        
   0         0         0         0         0         0         0         0         0         0         0         6.7      
  
QLD
   1         0         0         0         0         0         0         0         0         0         0         0        
   0         1         0         0         0         0         0         0         0         0         0         0        
   0         0         1         0         0         0         0         0         0         0         0         0        
   0         0         0         0.67      0         0         0         0         0         0         0         0        
   0         0         0         0         0.67      0         0         0         0         0         0         0        
   0         0         0         0         0         0.67      0         0         0         0         0         0        
   0         0         0         0         0         0         10        0         0         0         0         0        
   0         0         0         0         0         0         0         10        0         0         0         0        
   0         0         0         0         0         0         0         0         10        0         0         0        
   0         0         0         0         0         0         0         0         0         6.7       0         0        
   0         0         0         0         0         0         0         0         0         0         6.7       0        
   0         0         0         0         0         0         0         0         0         0         0         6.7      
  
QLDIAGINV
   1        
   1        
   1        
   1.5      
   1.5      
   1.5      
   0.1      
   0.1      
   0.1      
   0.15     
   0.15     
   0.15     
  
QLDIAGSQRTINV
   1        
   1        
   1        
   1.2      
   1.2      
   1.2      
   0.32     
   0.32     
   0.32     
   0.39     
   0.39     
   0.39     
  
CONTACT
  0:
     dim           1
     geom          0 2
     exclude       0
     efc_address   0
     solref        0.05      1       
     solimp        0.99      0.99      0.01      0.5       2       
     dist          -0.00039
     includemargin 0.00000
     pos           -1.70000 -1.70000 1.49961
     frame         -0.00000 -0.00000 -1.00000   0.00000 1.00000 0.00000   1.00000 0.00000 0.00000
     friction      1.00000 1.00000 0.00500 0.00010 0.00010
     mu            0.00000
  1:
     dim           1
     geom          0 2
     exclude       0
     efc_address   1
     solref        0.05      1       
     solimp        0.99      0.99      0.01      0.5       2       
     dist          -0.00038
     includemargin 0.00000
     pos           -3.70000 -1.70000 1.49962
     frame         -0.00000 -0.00000 -1.00000   0.00000 1.00000 0.00000   1.00000 0.00000 0.00000
     friction      1.00000 1.00000 0.00500 0.00010 0.00010
     mu            0.00000
  2:
     dim           1
     geom          0 2
     exclude       0
     efc_address   2
     solref        0.05      1       
     solimp        0.99      0.99      0.01      0.5       2       
     dist          -0.00038
     includemargin 0.00000
     pos           -1.70000 -3.70000 1.49962
     frame         -0.00000 -0.00000 -1.00000   0.00000 1.00000 0.00000   1.00000 0.00000 0.00000
     friction      1.00000 1.00000 0.00500 0.00010 0.00010
     mu            0.00000
  3:
     dim           1
     geom          0 2
     exclude       0
     efc_address   3
     solref        0.05      1       
     solimp        0.99      0.99      0.01      0.5       2       
     dist          -0.00038
     includemargin 0.00000
     pos           -3.70000 -3.70000 1.49962
     frame         -0.00000 -0.00000 -1.00000   0.00000 1.00000 0.00000   1.00000 0.00000 0.00000
     friction      1.00000 1.00000 0.00500 0.00010 0.00010
     mu            0.00000
  4:
     dim           1
     geom          1 2
     exclude       0
     efc_address   4
     solref        0.05      1       
     solimp        0.99      0.99      0.01      0.5       2       
     dist          -0.00103
     includemargin 0.00000
     pos           3.70000 3.70000 1.49897
     frame         -0.00000 -0.00000 -1.00000   0.00000 1.00000 0.00000   1.00000 0.00000 0.00000
     friction      1.00000 1.00000 0.00500 0.00010 0.00010
     mu            0.00000
  5:
     dim           1
     geom          1 2
     exclude       0
     efc_address   5
     solref        0.05      1       
     solimp        0.99      0.99      0.01      0.5       2       
     dist          -0.00103
     includemargin 0.00000
     pos           1.70000 3.70000 1.49897
     frame         -0.00000 -0.00000 -1.00000   0.00000 1.00000 0.00000   1.00000 0.00000 0.00000
     friction      1.00000 1.00000 0.00500 0.00010 0.00010
     mu            0.00000
  6:
     dim           1
     geom          1 2
     exclude       0
     efc_address   6
     solref        0.05      1       
     solimp        0.99      0.99      0.01      0.5       2       
     dist          -0.00103
     includemargin 0.00000
     pos           3.70000 1.70000 1.49897
     frame         -0.00000 -0.00000 -1.00000   0.00000 1.00000 0.00000   1.00000 0.00000 0.00000
     friction      1.00000 1.00000 0.00500 0.00010 0.00010
     mu            0.00000
  7:
     dim           1
     geom          1 2
     exclude       0
     efc_address   7
     solref        0.05      1       
     solimp        0.99      0.99      0.01      0.5       2       
     dist          -0.00103
     includemargin 0.00000
     pos           1.70000 1.70000 1.49897
     frame         -0.00000 -0.00000 -1.00000   0.00000 1.00000 0.00000   1.00000 0.00000 0.00000
     friction      1.00000 1.00000 0.00500 0.00010 0.00010
     mu            0.00000

EFC_TYPE
  5 
  5 
  5 
  5 
  5 
  5 
  5 
  5 
  
EFC_ID
  0 
  1 
  2 
  3 
  4 
  5 
  6 
  7 
  
EFC_J
   0         0         1         1        -1        -3.6e-19   0         0         0         0         0         0        
   0         0         1         1         1         2.6e-06   0         0         0         0         0         0        
   0         0         1        -1        -1        -2.6e-06   0         0         0         0         0         0        
   0         0         1        -1         1         3.6e-19   0         0         0         0         0         0        
   0         0         0         0         0         0         0         0         1         1        -1        -5e-19    
   0         0         0         0         0         0         0         0         1         1         1         2.3e-06  
   0         0         0         0         0         0         0         0         1        -1        -1        -2.3e-06  
   0         0         0         0         0         0         0         0         1        -1         1         5e-19    
  
EFC_AR
   0         0         0         0         0         0         0         0        
   0         0         0         0         0         0         0         0        
   0         0         0         0         0         0         0         0        
   0         0         0         0         0         0         0         0        
   0         0         0         0         0         0         0         0        
   0         0         0         0         0         0         0         0        
   0         0         0         0         0         0         0         0        
   0         0         0         0         0         0         0         0        
  
EFC_POS
  -0.00039  
  -0.00038  
  -0.00038  
  -0.00038  
  -0.001    
  -0.001    
  -0.001    
  -0.001    
  
EFC_MARGIN
   0        
   0        
   0        
   0        
   0        
   0        
   0        
   0        
  
EFC_FRICTIONLOSS
   0        
   0        
   0        
   0        
   0        
   0        
   0        
   0        
  
EFC_DIAGAPPROX
   1        
   1        
   1        
   1        
   0.1      
   0.1      
   0.1      
   0.1      
  
EFC_KBIP
   4.1e+02   40        0.99      0        
   4.1e+02   40        0.99      0        
   4.1e+02   40        0.99      0        
   4.1e+02   40        0.99      0        
   4.1e+02   40        0.99      0        
   4.1e+02   40        0.99      0        
   4.1e+02   40        0.99      0        
   4.1e+02   40        0.99      0        
  
EFC_D
   99       
   99       
   99       
   99       
   9.9e+02  
   9.9e+02  
   9.9e+02  
   9.9e+02  
  
EFC_R
   0.01     
   0.01     
   0.01     
   0.01     
   0.001    
   0.001    
   0.001    
   0.001    
  
TEN_VELOCITY
  
ACTUATOR_VELOCITY
  
CVEL
   0         0         0         0         0         0        
   6.6e-06  -6.6e-06  -1.2e-21   8.2e-23  -4.8e-23   0.0038   
   5.7e-06  -5.7e-06   9.7e-22  -2.8e-21  -2.8e-21   0.011    
   0         0         0         0         0         0        
  
CDOF_DOT
   0         0         0         0         0         0        
   0         0         0         0         0         0        
   0         0         0         0         0         0        
   0         0        -0         3.3e-15   0.0038    4.8e-23  
  -0         0         0        -0.0038   -3.3e-15   8.2e-23  
   0         0         0        -5e-09     5e-09     1.7e-28  
   0         0         0         0         0         0        
   0         0         0         0         0         0        
   0         0         0         0         0         0        
   0         0        -0         7.4e-15   0.011     2.2e-22  
  -0         0         0        -0.011    -7.4e-15  -2.4e-22  
   0         0         0        -1.3e-08   1.3e-08  -2.2e-29  
  
QFRC_BIAS
   0        
   0        
   9.8      
   4.3e-33  
   4.3e-33  
  -3.2e-27  
   1.1e-22  
   1.1e-22  
   98       
  -3e-32    
  -3e-32    
   2.6e-26  
  
QFRC_PASSIVE
   0        
   0        
   0        
   0        
   0        
   0        
   0        
   0        
   0        
   0        
   0        
   0        
  
EFC_VEL
   0.0038   
   0.0038   
   0.0038   
   0.0038   
   0.011    
   0.011    
   0.011    
   0.011    
  
EFC_AREF
   0.003    
   0.003    
   0.003    
   0.003    
  -0.041    
  -0.041    
  -0.041    
  -0.041    
  
SUBTREE_LINVEL
   0         0         0        
   0         0         0        
   0         0         0        
   0         0         0        
  
SUBTREE_ANGMOM
   0         0         0        
   0         0         0        
   0         0         0        
   0         0         0        
  
ACTUATOR_FORCE
  
QFRC_ACTUATOR
   0        
   0        
   0        
   0        
   0        
   0        
   0        
   0        
   0        
   0        
   0        
   0        
  
QFRC_UNC
   0        
   0        
  -9.8      
  -4.3e-33  
  -4.3e-33  
   3.2e-27  
  -1.1e-22  
  -1.1e-22  
  -98       
   3e-32    
   3e-32    
  -2.6e-26  
  
QACC_UNC
   0        
   0        
  -9.8      
  -6.4e-33  
  -6.4e-33  
   4.8e-27  
  -1.1e-23  
  -1.1e-23  
  -9.8      
   4.4e-33  
   4.4e-33  
  -3.9e-27  
  
EFC_B
  -9.8      
  -9.8      
  -9.8      
  -9.8      
  -9.8      
  -9.8      
  -9.8      
  -9.8      
  
EFC_FORCE
   2.4      
   2.4      
   2.4      
   2.4      
   24       
   24       
   24       
   24       
  
EFC_STATE
  1 
  1 
  1 
  1 
  1 
  1 
  1 
  1 
  
QFRC_CONSTRAINT
   0        
   0        
   9.8      
  -8e-12    
   8e-12    
   2.4e-22  
   0        
   0        
   97       
  -2.1e-10  
   2.1e-10  
   1.7e-20  
  
QFRC_INVERSE
   0        
   0        
   0        
   0        
   0        
   0        
   0        
   0        
   0        
   0        
   0        
   0        
  
CACC
   0         0         0         0         0         0        
   0         0         0         0         0         0        
   0         0         0         0         0         0        
   0         0         0         0         0         0        
  
CFRC_INT
   0         0         0         0         0         0        
   0         0         0         0         0         0        
   0         0         0         0         0         0        
   0         0         0         0         0         0        
  
CFRC_EXT
   0         0         0         0         0         0        
   0         0         0         0         0         0        
   0         0         0         0         0         0        
   0         0         0         0         0         0        
  
