NSTACK =       1286445
NBUFFER =      3221512
MAXUSE_STACK =  0.018   

MAXUSE_CON   =  2       

MAXUSE_EFC   =  0.6     

WARNING

TIMER
    0:  duration = 0   number = 6223
    1:  duration = 0   number = 12447
    2:  duration = 0   number = 0
    3:  duration = 0   number = 12447
    4:  duration = 0   number = 12447
    5:  duration = 0   number = 12447
    6:  duration = 0   number = 12447
    7:  duration = 0   number = 1
    8:  duration = 0   number = 12447
    9:  duration = 0   number = 12447
    10:  duration = 0   number = 12447
    11:  duration = 0   number = 12447
    12:  duration = 0   number = 12447

SOLVER_ITER = 0
SOLVER_NNZ = 49

SOLVER_FWDINV
   0         0        
  
NE =           0
NF =           0
NEFC =         0
NCON =         0
TIME =         6.2     
ENERGY =       0         0       

QPOS
  -0.077    
  -0.21     
  -0.67     
  -1.7      
  -0.18     
   1.1      
   0.15     
  
QVEL
   0.49     
   0.87     
  -0.89     
   0.73     
   0.12     
   0.12     
  -0.12     
  
ACT
  
QACC_WARMSTART
   19       
  -1.5      
  -15       
   0.93     
  -4.6      
  -2        
   1.7      
  
CTRL
   50       
   87       
  -87       
   73       
   12       
   12       
  -12       
  
QFRC_APPLIED
   0        
   0        
   0        
   0        
   0        
   0        
   0        
  
XFRC_APPLIED
   0         0         0         0         0         0        
   0         0         0         0         0         0        
   0         0         0         0         0         0        
   0         0         0         0         0         0        
   0         0         0         0         0         0        
   0         0         0         0         0         0        
   0         0         0         0         0         0        
   0         0         0         0         0         0        
   0         0         0         0         0         0        
   0         0         0         0         0         0        
   0         0         0         0         0         0        
  
QACC
   19       
  -1.5      
  -15       
   0.93     
  -4.6      
  -2        
   1.7      
  
ACT_DOT
  
MOCAP_POS
  
MOCAP_QUAT
  
USERDATA
  
SENSOR
   0.78     
  -0.19     
  -0.095    
  -0.0013   
  -0.075    
  -0.0044   
  
XPOS
   0         0         0        
   0         0         0        
   0         0         0.33     
   0         0         0.33     
  -0.064     0.005     0.64     
  -0.0051   -0.051     0.66     
   0.27     -0.32      0.73     
   0.27     -0.32      0.73     
   0.33     -0.37      0.69     
   0.27     -0.33      0.57     
   0.5       0         0.45     
  
XQUAT
   1         0         0         0        
   1         0         0         0        
   1         0         0        -0.039    
   0.7      -0.71     -0.045    -0.1      
   0.93      0.03     -0.098    -0.36     
   0.27      0.68      0.31     -0.6      
   0.65      0.24      0.67     -0.27     
   0.59      0.68     -0.075    -0.42     
  -0.047     0.87     -0.42     -0.25     
  -0.14      0.97     -0.054    -0.21     
   1         0         0         0        
  
XMAT
   1         0         0         0         1         0         0         0         1        
   1         0         0         0         1         0         0         0         1        
   1         0.078     0        -0.078     1        -0        -0         0         1        
   0.98      0.2       0.078    -0.076    -0.016     1         0.2      -0.98     -6.8e-17  
   0.72      0.66     -0.2      -0.68      0.74      0.016     0.16      0.13      0.98     
   0.079     0.74     -0.66      0.099    -0.67     -0.74     -0.99     -0.0081   -0.13     
  -0.042     0.67      0.74     -0.035     0.74     -0.67     -1        -0.054    -0.0081   
   0.63      0.4      -0.67     -0.6      -0.29     -0.74     -0.49      0.87      0.054    
   0.52     -0.75     -0.4      -0.71     -0.64      0.29     -0.48      0.13     -0.87     
   0.9      -0.16     -0.4      -0.045    -0.95      0.29     -0.43     -0.25     -0.87     
   1         0         0         0         1         0         0         0         1        
  
XIPOS
   0         0         0        
   0         0         0        
   0.004     0.0018    0.16     
  -0.0087    0.0042    0.36     
  -0.005     0.014     0.59     
   0.05     -0.15      0.7      
   0.27     -0.26      0.74     
   0.31     -0.34      0.69     
   0.31     -0.36      0.63     
   0.27     -0.33      0.57     
   0.5       0         0.45     
  
XIMAT
   1         0         0         0         1         0         0         0         1        
   1         0         0         0         1         0         0         0         1        
   0.09     -1        -0.012     1         0.09     -0.027     0.028    -0.0094    1        
   0.41     -0.25      0.88      0.79     -0.39     -0.47      0.46      0.89      0.037    
   0.6      -0.74      0.3       0.76      0.64      0.063    -0.24      0.19      0.95     
   0.014    -0.55     -0.83     -0.87     -0.42      0.26     -0.5       0.72     -0.49     
  -0.33      0.6       0.73     -0.15      0.73     -0.66     -0.93     -0.33     -0.15     
  -0.72     -0.58      0.37     -0.59      0.24     -0.77      0.36     -0.78     -0.52     
   0.66     -0.63     -0.42     -0.66     -0.75      0.086    -0.37      0.22     -0.9      
   0.9      -0.16     -0.4      -0.045    -0.95      0.29     -0.43     -0.25     -0.87     
   1         0         0         0         1         0         0         0         1        
  
XANCHOR
   0         0         0.33     
   0         0         0.33     
  -0.064     0.005     0.64     
  -0.0051   -0.051     0.66     
   0.27     -0.32      0.73     
   0.27     -0.32      0.73     
   0.33     -0.37      0.69     
  
XAXIS
   0         0         1        
   0.078     1         0        
  -0.2       0.016     0.98     
  -0.66     -0.74     -0.13     
   0.74     -0.67     -0.0081   
  -0.67     -0.74      0.054    
  -0.4       0.29     -0.87     
  
GEOM_XPOS
   0         0         0        
  -0.029    -0.00091   0.053    
  -0.029    -0.00088   0.057    
  -0.0025   -0.032     0.27     
  -0.0024   -0.031     0.26     
  -0.011     0.033     0.4      
  -0.012     0.032     0.4      
  -0.0029   -0.0042    0.62     
  -0.0082   -0.0072    0.62     
  -0.0038   -0.1       0.69     
   0.0048   -0.099     0.69     
   0.24     -0.21      0.73     
   0.22     -0.21      0.73     
   0.3      -0.36      0.72     
   0.3      -0.35      0.72     
   0.3      -0.36      0.62     
   0.3      -0.36      0.62     
   0.27     -0.33      0.57     
   0.5       0         0.45     
  
GEOM_XMAT
   1         0         0         0         1         0         0         0         1        
  -0.41      0.0035    0.91      0.016    -1         0.011     0.91      0.019     0.41     
  -0.36      0.0082    0.93      0.022    -1         0.017     0.93      0.027     0.36     
   1         0.072    -0.029    -0.078     0.92     -0.37     -0.00014   0.37      0.93     
   1         0.072    -0.027    -0.077     0.94     -0.34      0.00032   0.34      0.94     
   0.98     -0.0041   -0.22     -0.076     0.93     -0.36      0.2       0.36      0.91     
   0.98      0.0038   -0.22     -0.076     0.94     -0.32      0.2       0.33      0.92     
  -0.56     -0.53      0.64      0.61     -0.78     -0.11      0.56      0.33      0.76     
  -0.48     -0.64      0.6       0.72     -0.68     -0.16      0.51      0.35      0.79     
   0.68     -0.19     -0.7      -0.11     -0.98      0.16     -0.72     -0.034    -0.69     
   0.7      -0.18     -0.69     -0.032    -0.97      0.23     -0.71     -0.14     -0.69     
  -0.04      0.43      0.9      -0.031     0.9      -0.43     -1        -0.045    -0.023    
  -0.043     0.44      0.9      -0.033     0.89     -0.45     -1        -0.049    -0.024    
  -0.52     -0.29      0.81     -0.86      0.21     -0.47     -0.034    -0.93     -0.36     
  -0.57     -0.31      0.76     -0.82      0.22     -0.52     -0.01     -0.93     -0.38     
  -0.38      0.91     -0.18      0.34     -0.043    -0.94     -0.86     -0.42     -0.29     
  -0.39     -0.9       0.19      0.34      0.045     0.94     -0.85      0.43      0.29     
   0.9      -0.16     -0.4      -0.045    -0.95      0.29     -0.43     -0.25     -0.87     
   1         0         0         0         1         0         0         0         1        
  
SITE_XPOS
   0.29     -0.34      0.6      
   0.27     -0.33      0.57     
  
SITE_XMAT
   0.75      0.52     -0.4       0.64     -0.71      0.29     -0.13     -0.48     -0.87     
   0.9      -0.16     -0.4      -0.045    -0.95      0.29     -0.43     -0.25     -0.87     
  
CAM_XPOS
  
CAM_XMAT
  
LIGHT_XPOS
   0         0         1e+03    
  
LIGHT_XDIR
   0         0        -1        
  
SUBTREE_COM
   0.097    -0.092     0.43     
   0.077    -0.096     0.42     
   0.09     -0.11      0.5      
   0.13     -0.16      0.64     
   0.13     -0.17      0.66     
   0.19     -0.24      0.69     
   0.29     -0.32      0.67     
   0.3      -0.34      0.64     
   0.29     -0.34      0.6      
   0.27     -0.33      0.57     
   0.5       0         0.45     
  
CDOF
   0         0         1         0.096     0.077    -0        
   0.078     1         0         0.091    -0.0071   -0.084    
  -0.2       0.016     0.98      0.096     0.094     0.018    
  -0.66     -0.74     -0.13      0.16     -0.16      0.09     
   0.74     -0.67     -0.0081    0.21      0.23      0.031    
  -0.67     -0.74      0.054     0.22     -0.22     -0.29     
  -0.4       0.29     -0.87      0.16      0.11     -0.034    
  
CINERT
   0         0         0         0         0         0         0         0         0         0        
   0.88      0.87      0.35      0.023    -0.099     0.13     -0.23      0.3      -1.3       3.1      
   1.1       1.1       0.083     0.036    -0.088     0.15     -0.36      0.49     -1.3       5        
   0.018     0.032     0.04      0.017    -0.0039    0.0056   -0.055     0.065    -0.041     0.65     
   0.16      0.15      0.066     0.028     0.031    -0.06     -0.26      0.36      0.52      3.2      
   0.31      0.31      0.037    -0.00093   0.019     0.055    -0.095    -0.18      1         3.6      
   0.18      0.19      0.12      0.05     -0.072     0.063     0.24     -0.2       0.39      1.2      
   0.22      0.22      0.2       0.097    -0.11      0.11      0.39     -0.41      0.45      1.7      
   0.091     0.084     0.096     0.044    -0.039     0.041     0.17     -0.19      0.15      0.74     
   0.078     0.063     0.095     0.046    -0.029     0.034     0.2      -0.23      0.15      1        
   0.03      0.03      0.06      0         0         0         0         0         0         1        
  
TEN_LENGTH
  
TEN_MOMENT
  
ACTUATOR_LENGTH
  -0.078    
  -0.21     
  -0.67     
  -1.7      
  -0.18     
   1.1      
   0.15     
  
ACTUATOR_MOMENT
   1         0         0         0         0         0         0        
   0         1         0         0         0         0         0        
   0         0         1         0         0         0         0        
   0         0         0         1         0         0         0        
   0         0         0         0         1         0         0        
   0         0         0         0         0         1         0        
   0         0         0         0         0         0         1        
  
CRB
   0         0         0         0         0         0         0         0         0         0        
   3         3         1.1       0.34     -0.39      0.52     -1.4e-16  -3.3e-16   0         20       
   2.2       2.1       0.73      0.32     -0.29      0.39      0.23     -0.3       1.3       17       
   1.1       1         0.65      0.28     -0.2       0.25      0.59     -0.78      2.6       12       
   1         1         0.61      0.26     -0.2       0.24      0.65     -0.85      2.7       11       
   0.87      0.87      0.54      0.24     -0.23      0.3       0.91     -1.2       2.1       8.2      
   0.57      0.56      0.5       0.24     -0.25      0.24      1        -1         1.1       4.6      
   0.39      0.36      0.39      0.19     -0.17      0.18      0.77     -0.83      0.75      3.4      
   0.17      0.15      0.19      0.09     -0.068     0.075     0.37     -0.42      0.3       1.7      
   0.078     0.063     0.095     0.046    -0.029     0.034     0.2      -0.23      0.15      1        
   0.03      0.03      0.06      0         0         0         0         0         0         1        
  
QM
   1.1       0.63      1.1      -0.13      0.13      0.023    -0.0092   
   0.63      1.9       0.52     -0.82      0.019     0.014     0.0022   
   1.1       0.52      1.3       0.0027    0.14      0.022    -0.0088   
  -0.13     -0.82      0.0027    0.9       0.0023    0.082     0.00035  
   0.13      0.019     0.14      0.0023    0.064     0.00047  -0.0051   
   0.023     0.014     0.022     0.082     0.00047   0.06     -0.00079  
  -0.0092    0.0022   -0.0088    0.00035  -0.0051   -0.00079   0.0069   
  
QLD
   0.059     0.056     0.84     -0.21      2.1       0.36     -1.3      
   0.056     0.75      0.44     -1.1       0.34      0.24      0.32     
   0.84      0.44      0.98     -0.041     2.3       0.36     -1.3      
  -0.21     -1.1      -0.041     0.78      0.044     1.4       0.052    
   2.1       0.34      2.3       0.044     0.061    -0.0018   -0.74     
   0.36      0.24      0.36      1.4      -0.0018    0.06     -0.11     
  -1.3       0.32     -1.3       0.052    -0.74     -0.11      0.0069   
  
QLDIAGINV
   17       
   1.3      
   1        
   1.3      
   17       
   17       
   1.5e+02  
  
QLDIAGSQRTINV
   4.1      
   1.2      
   1        
   1.1      
   4.1      
   4.1      
   12       
  
CONTACT

EFC_TYPE
  
EFC_ID
  
EFC_J
  
EFC_AR
  
EFC_POS
  
EFC_MARGIN
  
EFC_FRICTIONLOSS
  
EFC_DIAGAPPROX
  
EFC_KBIP
  
EFC_D
  
EFC_R
  
TEN_VELOCITY
  
ACTUATOR_VELOCITY
   0.48     
   0.87     
  -0.88     
   0.73     
   0.12     
   0.12     
  -0.12     
  
CVEL
   0         0         0         0         0         0        
   0         0         0         0         0         0        
   0         0         0.48      0.046     0.037     0        
   0.067     0.86      0.48      0.13      0.031    -0.073    
   0.25      0.85     -0.38      0.041    -0.052    -0.089    
  -0.24      0.31     -0.48      0.16     -0.17     -0.023    
  -0.15      0.23     -0.48      0.19     -0.14     -0.019    
  -0.23      0.15     -0.47      0.21     -0.17     -0.054    
  -0.18      0.11     -0.37      0.19     -0.18     -0.05     
  -0.18      0.11     -0.37      0.19     -0.18     -0.05     
   0         0         0         0         0         0        
  
CDOF_DOT
   0         0         0         0         0         0        
  -0.48      0.037     0         0.0034    0.044     0.043    
   0.84     -0.16      0.18      0.0021   -0.063    -0.068    
  -0.39      0.29      0.38     -0.045    -0.021    -0.25     
  -0.32     -0.36     -0.075     0.11     -0.11     -0.1      
  -0.34      0.33      0.27     -0.19     -0.14     -0.25     
   0.012    -0.012    -0.0093    0.21      0.12     -0.054    
  
QFRC_BIAS
   0.58     
  -0.29     
   0.9      
   0.33     
   0.024    
  -0.033    
   0.0023   
  
QFRC_PASSIVE
  -48       
  -87       
   88       
  -73       
  -12       
  -12       
   12       
  
EFC_VEL
  
EFC_AREF
  
SUBTREE_LINVEL
   0         0         0        
   0         0         0        
   0         0         0        
   0         0         0        
   0         0         0        
   0         0         0        
   0         0         0        
   0         0         0        
   0         0         0        
   0         0         0        
   0         0         0        
  
SUBTREE_ANGMOM
   0         0         0        
   0         0         0        
   0         0         0        
   0         0         0        
   0         0         0        
   0         0         0        
   0         0         0        
   0         0         0        
   0         0         0        
   0         0         0        
   0         0         0        
  
ACTUATOR_FORCE
   50       
   87       
  -87       
   73       
   12       
   12       
  -12       
  
QFRC_ACTUATOR
   50       
   87       
  -87       
   73       
   12       
   12       
  -12       
  
QFRC_UNC
   1.6      
   0.54     
   0.39     
  -0.63     
   0.056    
   0.029    
  -0.0067   
  
QACC_UNC
   19       
  -1.5      
  -15       
   0.93     
  -4.6      
  -2        
   1.7      
  
EFC_B
  
EFC_FORCE
  
EFC_STATE
  
QFRC_CONSTRAINT
   0        
   0        
   0        
   0        
   0        
   0        
   0        
  
QFRC_INVERSE
   0        
   0        
   0        
   0        
   0        
   0        
   0        
  
CACC
   0         0         0         0         0         0        
   0         0         0         0         0         0        
   0         0         19        1.8       1.4       0        
  -0.53     -1.4       19        1.7       1.5       0.16     
   1.8      -1.5       4         0.25      0.14     -0.057    
   0.9      -2         4.2       0.37     -0.024    -0.15     
  -2.5       1         4.2      -0.57     -1.1      -0.31     
  -1.3       2.5       4.1      -1        -0.69      0.24     
  -2         3         2.7      -0.78     -0.51      0.18     
  -2         3         2.7      -0.78     -0.51      0.18     
   0         0         0         0         0         0        
  
CFRC_INT
   0.43      0.46      2.2       0.055    -1.2      -1.8      
   0.43      0.46      2.2       0.055    -1.2      -1.8      
   0.43      0.46      2.2       0.055    -1.2      -1.8      
   0.17      0.062     2.1       0.23     -1.6      -1.8      
   0.21      0.069     1.5       0.3      -1.5      -1.8      
  -0.054     0.44      1.2       1.8       0.32     -1.2      
  -0.58      0.53      1.1       1.9       2.1      -0.092    
  -0.41      0.38      0.75      1.4       1.5       0.042    
  -0.16      0.13      0.3       0.53      0.61      0.071    
  -0.057     0.022     0.1       0.2       0.26      0.068    
   0         0         0         0         0         0        
  
CFRC_EXT
   0         0         0         0         0         0        
   0         0         0         0         0         0        
   0         0         0         0         0         0        
   0         0         0         0         0         0        
   0         0         0         0         0         0        
   0         0         0         0         0         0        
   0         0         0         0         0         0        
   0         0         0         0         0         0        
   0         0         0         0         0         0        
   0         0         0         0         0         0        
   0         0         0         0         0         0        
  
